160
440
640
180
460
400
80
460
2080
297
3388
428
427
302
380
1062
466
252
418
452
1698
2720
444
1421
2022
586
168
153
279
32
8546
218
296
228
222
242
214
175
10778
230
3756
196
188
194
178
184
182
194
190
184
230
194
194
202
194
204
202
188
194
200
148
236
246
190
72180
238
218
152
1772
1772
746
500
32
2
210
278
176
37
116
2
425
4155
13596
383
383
7246
346
21116
378
34649
266
202
402
258
250
250
58356
112
49
236
13228
19840
208
100
340
34
84422
3320
59736
59736
77043
632
446
188
36
170
1696
2032
93899
6833
78602
1378
1378
358
30
64
34
108
28
73
64
18575
155
39549
178
178
96
423
432
44
100
28
202
135
126
45
32
346
250
382
128
4782
197
186
184
204
200
200
198
186
222
206
200
198
184
166
182
188
36
196
216
186
192
202
198
200
170
174
194
186
192
174
176
200
186
210
32
32757
55809
48
4
